[
    {
        "sparse": {
            "pose_w2c": [
                [
                    0.8162314295768738,
                    0.577551543712616,
                    -0.01416029129177332,
                    -59.37980651855469
                ],
                [
                    -0.053975049406290054,
                    0.051831815391778946,
                    -0.9971961379051208,
                    5.282021522521973
                ],
                [
                    -0.575198233127594,
                    0.8147071003913879,
                    0.07348012924194336,
                    40.94215774536133
                ],
                [
                    0.0,
                    0.0,
                    0.0,
                    1.0
                ]
            ],
            "inliers": 304
        },
        "dense": [
            {
                "pose_w2c": [
                    [
                        0.8131966590881348,
                        0.5818256735801697,
                        -0.013788939453661442,
                        -59.66310501098633
                    ],
                    [
                        -0.053482554852962494,
                        0.05111613869667053,
                        -0.9972596168518066,
                        5.320629596710205
                    ],
                    [
                        -0.5795263648033142,
                        0.8117056488990784,
                        0.07268499583005905,
                        41.150936126708984
                    ],
                    [
                        0.0,
                        0.0,
                        0.0,
                        1.0
                    ]
                ],
                "inliers": 15483
            },
            {
                "pose_w2c": [
                    [
                        0.8021094799041748,
                        0.5970422625541687,
                        -0.012684717774391174,
                        -60.65420150756836
                    ],
                    [
                        -0.05351701378822327,
                        0.05071049556136131,
                        -0.9972785115242004,
                        5.359018802642822
                    ],
                    [
                        -0.5947741270065308,
                        0.8006054162979126,
                        0.07262729108333588,
                        42.16265106201172
                    ],
                    [
                        0.0,
                        0.0,
                        0.0,
                        1.0
                    ]
                ],
                "inliers": 16629
            }
        ],
        "sparse_AE": 1.6570714474848531,
        "sparse_TE": 277.34265327453613,
        "gt_pose_w2c": [
            [
                0.799246609210968,
                0.6008788347244263,
                -0.012226195074617863,
                -60.94218063354492
            ],
            [
                -0.05412599816918373,
                0.05170447751879692,
                -0.9971945881843567,
                5.329427719116211
            ],
            [
                -0.5985609292984009,
                0.7976661324501038,
                0.07384779304265976,
                42.56679916381836
            ],
            [
                0.0,
                0.0,
                0.0,
                1.0
            ]
        ],
        "dense_AE": 0.2834847603455578,
        "dense_TE": 51.024532318115234
    },
    {
        "sparse": {
            "pose_w2c": [
                [
                    0.23535987734794617,
                    0.9700478911399841,
                    -0.06010669097304344,
                    -49.32079315185547
                ],
                [
                    -0.06521555036306381,
                    -0.045942071825265884,
                    -0.9968130588531494,
                    7.452861309051514
                ],
                [
                    -0.969717800617218,
                    0.23852968215942383,
                    0.05244928598403931,
                    64.89132690429688
                ],
                [
                    0.0,
                    0.0,
                    0.0,
                    1.0
                ]
            ],
            "inliers": 397
        },
        "dense": [
            {
                "pose_w2c": [
                    [
                        0.2348485291004181,
                        0.9701950550079346,
                        -0.05973019823431969,
                        -49.3081169128418
                    ],
                    [
                        -0.06540127843618393,
                        -0.04553808644413948,
                        -0.9968194365501404,
                        7.443002700805664
                    ],
                    [
                        -0.969829261302948,
                        0.23800800740718842,
                        0.052757445722818375,
                        64.88373565673828
                    ],
                    [
                        0.0,
                        0.0,
                        0.0,
                        1.0
                    ]
                ],
                "inliers": 25002
            },
            {
                "pose_w2c": [
                    [
                        0.23467476665973663,
                        0.9702413082122803,
                        -0.0596618577837944,
                        -49.304691314697266
                    ],
                    [
                        -0.06548594683408737,
                        -0.04545682296156883,
                        -0.9968175888061523,
                        7.440359592437744
                    ],
                    [
                        -0.969865620136261,
                        0.23783494532108307,
                        0.05286960303783417,
                        64.87516784667969
                    ],
                    [
                        0.0,
                        0.0,
                        0.0,
                        1.0
                    ]
                ],
                "inliers": 24864
            }
        ],
        "sparse_AE": 0.0571146154688152,
        "sparse_TE": 10.14425903558731,
        "gt_pose_w2c": [
            [
                0.2346784621477127,
                0.9702496528625488,
                -0.05951189249753952,
                -49.299503326416016
            ],
            [
                -0.06544063985347748,
                -0.045313652604818344,
                -0.9968270659446716,
                7.437380313873291
            ],
            [
                -0.9698678255081177,
                0.237828329205513,
                0.05285962298512459,
                65.02326965332031
            ],
            [
                0.0,
                0.0,
                0.0,
                1.0
            ]
        ],
        "dense_AE": 0.008628891806993172,
        "dense_TE": 14.791080355644226
    }
]